30     0.783560
54     17.282004
54.02  22.318901
54.03  44.678923
97     32.814522
97.01  21.452356
97.02  18.234567
133    39.986730
133.02 21.782930
133.03 36.123456
163    42.805902
163.05 30.145728
163.10 51.982647
163.15 22.341675
181    28.249353
181.01 34.090982
181.03 20.000054
204    45.561030
249    26.369485
249.04 28.987868
287    48.582049
287.01 51.234543
325    37.27477
365    37.144992
399    22.059136
399.01 25.121212
399.02 34.683924
424    47.168534
455    20.090157
455.01 16.231768
455.02 40.168723
488    56.053016
531    39.640908
572    0.717403
572.04 12.384950
572.05 32.392047
610    34.732701
637    21.593761
637.03 0.0349586
637.04 12.567839
658    48.477451
658.07 67.392804
685    21.472914
685.02 41.657209
685.03 18.930278
729    44.603773
